RESNR,RESTYPE,RESCHAIN,RESNR_LIG,RESTYPE_LIG,RESCHAIN_LIG,INTERACTION TYPE,DIST,DIST_H_A,DIST_D_A
210,LEU,A,1,UNL,Z,Hydrophobic Interaction,3.63Å,,
264,LEU,A,1,UNL,Z,Hydrophobic Interaction,3.70Å,,
268,LYS,A,1,UNL,Z,Hydrophobic Interaction,3.87Å,,
270,VAL,A,1,UNL,Z,Hydrophobic Interaction,3.51Å,,
272,TYR,A,1,UNL,Z,Hydrophobic Interaction,3.59Å,,
273,ARG,A,1,UNL,Z,Hydrophobic Interaction,3.63Å,,
290,ILE,A,1,UNL,Z,Hydrophobic Interaction,3.80Å,,
292,ASP,A,1,UNL,Z,Hydrophobic Interaction,3.35Å,,
54,ASN,A,1,UNL,Z,Hydrogen Bond,,2.34Å,3.30Å
79,GLN,A,1,UNL,Z,Hydrogen Bond,,1.94Å,2.89Å
80,TRP,A,1,UNL,Z,Hydrophobic Interaction,3.71Å,,
80,TRP,A,1,UNL,Z,Pi-Stacking,13.73Å,,
84,ILE,A,1,UNL,Z,Hydrophobic Interaction,3.67Å,,
