RESNR,RESTYPE,RESCHAIN,RESNR_LIG,RESTYPE_LIG,RESCHAIN_LIG,INTERACTION TYPE,DIST,DIST_H_A,DIST_D_A
205,SER,A,1,UNL,Z,Hydrogen Bond,,2.25Å,3.09Å
210,LEU,A,1,UNL,Z,Hydrophobic Interaction,3.53Å,,
264,LEU,A,1,UNL,Z,Hydrophobic Interaction,3.65Å,,
268,LYS,A,1,UNL,Z,Hydrophobic Interaction,3.29Å,,
270,VAL,A,1,UNL,Z,Hydrophobic Interaction,3.89Å,,
272,TYR,A,1,UNL,Z,Hydrogen Bond,,3.68Å,3.97Å
292,ASP,A,1,UNL,Z,Hydrophobic Interaction,3.61Å,,
56,SER,A,1,UNL,Z,Hydrogen Bond,,2.69Å,3.17Å
78,LEU,A,1,UNL,Z,Hydrogen Bond,,1.80Å,2.51Å
79,GLN,A,1,UNL,Z,Hydrophobic Interaction,3.54Å,,
80,TRP,A,1,UNL,Z,Hydrogen Bond,,2.42Å,3.36Å
80,TRP,A,1,UNL,Z,Hydrophobic Interaction,3.54Å,,
